PD subjects (150):
  3001
  3007
  3026
  3060
  3066
  3118
  3123
  3129
  3134
  3228
  3233
  3251
  3268
  3279
  3332
  3365
  3371
  3372
  3415
  3418
  3421
  3443
  3444
  3445
  3446
  3507
  3528
  3536
  3552
  3559
  3587
  3592
  3604
  3628
  3653
  3654
  3780
  3788
  3824
  3827
  3832
  3835
  3838
  3866
  3868
  3869
  4013
  4020
  4034
  4038
  4051
  4055
  4059
  4065
  4069
  4093
  4094
  4099
  4106
  4109
  4122
  5002
  5003
  5005
  5006
  5008
  5011
  5015
  5016
  5018
  40534
  40541
  40558
  40578
  40586
  40707
  40735
  40806
  41282
  41289
  41508
  42710
  42724
  50319
  51252
  51518
  51731
  52128
  52530
  55875
  56761
  57880
  70463
  75421
  100891
  100905
  100952
  101048
  101124
  101175
  101187
  101482
  101555
  101756
  102054
  102293
  102308
  102418
  102484
  115451
  115680
  116529
  116531
  123594
  136646
  140041
  143419
  144254
  147191
  147341
  152031
  156734
  158117
  164491
  166740
  172854
  174151
  175925
  182341
  182984
  188170
  190005
  190360
  198746
  211239
  211315
  216668
  226608
  234882
  236149
  243589
  262016
  292756
  292880
  292897
  293175
  293740
  301672
  305889
  343776

HC subjects (150):
  3000
  3013
  3029
  3055
  3057
  3069
  3071
  3072
  3073
  3075
  3104
  3106
  3112
  3114
  3115
  3151
  3157
  3161
  3165
  3169
  3171
  3172
  3188
  3191
  3200
  3201
  3213
  3216
  3219
  3235
  3237
  3257
  3264
  3270
  3271
  3277
  3300
  3301
  3310
  3316
  3320
  3353
  3355
  3357
  3358
  3361
  3368
  3369
  3370
  3405
  3410
  3411
  3414
  3515
  3517
  3519
  3521
  3523
  3527
  3541
  3551
  3554
  3563
  3569
  3570
  3571
  3572
  3600
  3613
  3614
  3619
  3620
  3624
  3627
  3635
  3636
  3637
  3651
  3658
  3662
  3668
  3767
  3769
  3779
  3803
  3804
  3805
  3809
  3812
  3813
  3816
  3817
  3850
  3851
  3852
  3855
  3857
  3952
  3955
  3965
  3966
  3967
  3968
  3969
  4004
  4010
  4018
  4067
  4079
  4085
  4090
  4100
  4104
  4116
  4118
  4139
  100890
  101039
  101747
  106127
  110686
  111099
  130190
  139138
  141714
  149716
  153233
  156459
  162905
  165936
  176347
  187759
  187823
  232204
  242001
  253417
  293057
  293361
  293407
  293727
  293742
  311017
  311043
  311453
  312043
  312499
  314240
  317115
  321482
  337602
